"","realtime","M1","M2","M3","M4","M5","M6","M7","M8","M9","M10","M11","M12","Light"
"1",0,"","","","","","","","","","","","","off"
"2",1,"","","","","","","","","","","","",""
"3",2,"","","","","","","","","","","","",""
"4",3,"","","","","","","","","","","","",""
"5",4,"","","","","","","","","","","","",""
"6",5,"","","","","","","","","","","","",""
"7",6,"","","","","","","","","","","","",""
"8",7,"","","","","","","","","","","","",""
"9",8,"","","","","","","","","","","","",""
"10",9,"","","","","","","","","","","","",""
"11",10,"","","","","","","","","","","","",""
"12",11,"","","","","","","","","","","","",""
"13",12,"","","","","","","","","","","","",""
"14",13,"","","","","","","","","","","","",""
"15",14,"","","","","","","","","","","","",""
"16",15,"","","","","","","","","","","","",""
"17",16,"","","","","","","","","","","","",""
"18",17,"","","","","","","","","","","","",""
"19",18,"","","","","","","","","","","","",""
"20",19,"","","","","","","","","","","","",""
"21",20,"","","","","","","","","","","","",""
"22",21,"","","","","","","","","","","","",""
"23",22,"","","","","","","","","","","","",""
"24",23,"","","","","","","","","","","","",""
"25",24,"","","","","","","","","","","","",""
"26",25,"","","","","","","","","","","","",""
"27",26,"e","","","","","","","","","","","",""
"28",27,"d","","","","","","","","","","","",""
"29",28,"","","","","","","","","","","","",""
"30",29,"","","","","e","","","","","","","",""
"31",30,"","","","","","","","","","","","",""
"32",31,"","","","","","","","","","","","",""
"33",32,"","","","","","","","","","","","",""
"34",33,"","","","","","","","","","","","",""
"35",34,"","","","","","","","","","","","",""
"36",35,"e","","","","","","","","","","","",""
"37",36,"","","","","","","","","","","","",""
"38",37,"","","","","","","","","","","","",""
"39",38,"","","","","","","","","","","","",""
"40",39,"","","","","","","","","","","","",""
"41",40,"","","","","","","","","","","","",""
"42",41,"","","","","","","","","e","","","",""
"43",42,"","","","","","","","","","","","",""
"44",43,"","","","","","","","","","","","",""
"45",44,"e,d","","","","","","","","","","","",""
"46",45,"","","","","","","","","","","","",""
"47",46,"","","","","","","","","","","","",""
"48",47,"","","","","","","","","","","","",""
"49",48,"","","","","","","","","","","","",""
"50",49,"","","","","","","","","","","","",""
"51",50,"","","","","","","","","","","","",""
"52",51,"","","","","","","","","","","","",""
"53",52,"","","","","","","","","","","","",""
"54",53,"","","","","","","","","","","","",""
"55",54,"e","","","","","e","","","","","","",""
"56",55,"","","","","","e","","","","","","",""
"57",56,"e","","","","","","","","","","","",""
"58",57,"","","","","","","","","","","","",""
"59",58,"","","","","","","","","","","","",""
"60",59,"","","","e","","","","","","","","",""
"61",60,"","","","e","","","","","","","","",""
"62",61,"e","","","","","","","","","e","e","",""
"63",62,"e","","","","","","","","","e","","",""
"64",63,"","","","","","","","","","","","",""
"65",64,"e","","","","","","","","","","","",""
"66",65,"e","","","","","e","","","","","","",""
"67",66,"","","","","","","","","","e","","",""
"68",67,"","","","","","","","","","e","","",""
"69",68,"","","","","","","","","","e","","",""
"70",69,"","","","","","e","","","","e","","",""
"71",70,"","","","","","","","","","e","","",""
"72",71,"","","","","","","","","","e","","",""
"73",72,"","","","","","","","","","e","","",""
"74",73,"","","","","","","","","","e","e","",""
"75",74,"","e","","","","","","","","e","e","",""
"76",75,"","e","","","e","","","","","","","",""
"77",76,"","","","","e","","","e","","","","",""
"78",77,"e","","","","","e","","e","","e","","",""
"79",78,"","","","","e","","","e","","","","",""
"80",79,"","e","","","","","","e","","","","",""
"81",80,"e","e","","e","","","","e","","","","",""
"82",81,"","","","","","","","","","e","e","",""
"83",82,"","","","","","","","","","e","","",""
"84",83,"","","","","","","","e","","","","",""
"85",84,"","","","","","","","","","","","",""
"86",85,"","","","","","","","","","","","",""
"87",86,"","","","","","","","","","","","",""
"88",87,"","","","e","","","","","","","","",""
"89",88,"","","","","","","","","","","","",""
"90",89,"e","","","","","","","","","","","",""
"91",90,"e","","","","","","","","","","","",""
"92",91,"e","","","","","","","","","","","",""
"93",92,"","","","","","e","","","","","","",""
"94",93,"","","","","","e","","","","","","",""
"95",94,"","","","","e","","","","","","","",""
"96",95,"","","","","e","","","","","","","",""
"97",96,"","","","","","","","","","","","",""
"98",97,"","","","","","","","","","","","",""
"99",98,"","e","","","","","","","","","","",""
"100",99,"","","","","","","","e,d","","","","",""
"101",100,"","","","","e,d","","","","","","","",""
"102",101,"","","","","e","e","","","","","","",""
"103",102,"","","","","","e,d","","","","","","",""
"104",103,"","","","","","","","","","","","",""
"105",104,"","","","","","","","","","","","",""
"106",105,"","","","","","","","","","","","",""
"107",106,"","","","","e","","","","","","","",""
"108",107,"","","","","e","","","","","","","",""
"109",108,"","","","","","","","","","","","",""
"110",109,"","","","","","","","","","","","",""
"111",110,"e","","","","","","","","","","","",""
"112",111,"","","","","","","","","","","","",""
"113",112,"","","","","","","","e","","","","",""
"114",113,"","","","","","","","e","","","","",""
"115",114,"","","","e","","","","","","","","",""
"116",115,"","","","e","","","","","","","","",""
"117",116,"","","","","","","","e","","","","",""
"118",117,"","","","","","","","e","","","","",""
"119",118,"","","","","","","","e","","e","","",""
"120",119,"","","","","","","","","","e,d","e","",""
"121",120,"","","e","","","","","","","e","","",""
"122",121,"","","e","","","","","","","e","","",""
"123",122,"","","e","","","","e,d","d","","e","","",""
"124",123,"e","","","","","e","","e","","","","",""
"125",124,"e","","e,d","","","e","","","","","","",""
"126",125,"","","e","","","","e","e","","","","",""
"127",126,"e","","e,d","","","","","","","","","",""
"128",127,"","","e","","","","","","","","","",""
"129",128,"","","","","","","","","","","","",""
"130",129,"","","e","","","","e,d","","","e","","",""
"131",130,"","","","","","","e,d","","e","","","",""
"132",131,"","","e","","","","e","","e","","","",""
"133",132,"","","e,d","","","","","","","e","","",""
"134",133,"","","e,d","","","","","","","e","","",""
"135",134,"","","e","","","","e,d","","","","e","",""
"136",135,"","","","","e","","","","","","e","",""
"137",136,"","","e","","","","","e","","","e","",""
"138",137,"","","e","","","","e","e","","","","",""
"139",138,"","","","","","","e","e,d","","e,d","","",""
"140",139,"","","","","","","e","","","d","","",""
"141",140,"","","","","e","","","","","","","",""
"142",141,"","","","","e","e","","","","","","",""
"143",142,"","","e","d","","","","","","","","",""
"144",143,"e","","","","","","","","","","","",""
"145",144,"d","","","","","","","","","e","","",""
"146",145,"","","","","","","","","","e","","",""
"147",146,"","","","","","e","","","","e","","",""
"148",147,"","","","","","e","e","","","e,d","","",""
"149",148,"","","e,d","","e","","e","","","","","",""
"150",149,"","","e","","d","","","","","","","",""
"151",150,"","e","e,d","","","","","","","","","",""
"152",151,"","e","","","","","","","","","","e",""
"153",152,"","","","","","","","e","","","","e",""
"154",153,"e","","","","","","","e","","","","e,d",""
"155",154,"e","","e","","","","","e","","","","",""
"156",155,"","","e","","","e","","e,d","e,d","","","e",""
"157",156,"","","","","e,d","e","","","e,d","","","",""
"158",157,"","","","","","","e","","e","","","",""
"159",158,"","","","","","","","e,d","e,d","","","",""
"160",159,"","","","","","","e","e","","","","",""
"161",160,"d","","","","","","","e","","","e","e",""
"162",161,"","","","","","","","","","","","e,d",""
"163",162,"","","","","","","","","","","","e",""
"164",163,"","","e","","","e,d","","","","","","",""
"165",164,"","","","","","","","","","","","",""
"166",165,"","","","","","","e","","","","","",""
"167",166,"","","e","","","","e","","","","","",""
"168",167,"","","e,d","","","","","","e,d","","","",""
"169",168,"","","e","","","","e","e,d","","","","e",""
"170",169,"","","e","","","","","e","","","e","e ",""
"171",170,"e","","","","","e","","","e","","","",""
"172",171,"","","","","","e","","","","","e,d","",""
"173",172,"","","","","","","","","","","","",""
"174",173,"e,d","","","","","","","","","","","",""
"175",174,"e","","","","","","","","","","","",""
"176",175,"","","","","","d","","","","","","",""
"177",176,"","","","","","","","","","","","",""
"178",177,"","e","","","","","","","","","","",""
"179",178,"e","","","","","","e","","","","","",""
"180",179,"","","","","","","e","","","","e","",""
"181",180,"e","","","","","","e","","","","e","",""
"182",181,"e","","e","","e","","","e","","","","",""
"183",182,"","","e","","e","","","","","","","",""
"184",183,"","","e","","e,d","","","","","","","",""
"185",184,"","","e","e","e","","","","","","","",""
"186",185,"","","e","e","","","","","","","","",""
"187",186,"","","e,d","e,d","","","","e,d","","","","",""
"188",187,"","","e","e,d","","","","e","e","","","",""
"189",188,"","","","","","","","e","e,d","","","",""
"190",189,"","","","e","","","","e","","","","",""
"191",190,"","","","","","","","e","e,d","","","",""
"192",191,"","","","","","","","","","","e","e,d",""
"193",192,"","","","","","","","","","","e","e",""
"194",193,"","","e","","","","","","e","","e","",""
"195",194,"e","","e","","","","","","","","","",""
"196",195,"","","e","","","","","","","","","",""
"197",196,"","","","","","","","","","","","",""
"198",197,"","","","","","","","","","","","",""
"199",198,"","e","","","e","","","","","","","",""
"200",199,"","","","","e","","","","","","","",""
"201",200,"","","","","d","","","","","","","",""
"202",201,"","","","","d","","e","d","","","","e,d",""
"203",202,"","","","","","e","e","d","","","","",""
"204",203,"e","","","","e","e","","","","","","",""
"205",204,"","","e,d","","","e","","","","","","",""
"206",205,"","","e,d","","","e","","","","","","",""
"207",206,"","","e","","","","","","","","","",""
"208",207,"","","","","","","","","","","","",""
"209",208,"","","","d","","","","","","","","",""
"210",209,"","","e","e","","","","e","","","","",""
"211",210,"","e","","","","","","e","","","","",""
"212",211,"","","","","","","","","","","","",""
"213",212,"e","","","","","","","","","","","e",""
"214",213,"","","","","","e","","","","","","e,d",""
"215",214,"","","","","e,d","e","","","","","","",""
"216",215,"","","","","e,d","","","","","","","",""
"217",216,"e","","","","","","","","","","","",""
"218",217,"","","","","e","","","","","","","",""
"219",218,"","","","","e","","","","","","","",""
"220",219,"","","","","","e","","","","","","",""
"221",220,"","","","","","","","","","","","",""
"222",221,"e","","","","","","","","","","","",""
"223",222,"e","","","","","","","","","","","",""
"224",223,"","","","","","e","","","","","","",""
"225",224,"","","","","","","","","","","","",""
"226",225,"e","","","","e,d","","","","","","","",""
"227",226,"e","","","","e","","","","","","","",""
"228",227,"e","","","","e","","","","","","","",""
"229",228,"","","","e","e","","","","","","","",""
"230",229,"","","","","","","","","","","","",""
"231",230,"","","","","","","","","","","","",""
"232",231,"","","","e,d","","","","","","","","",""
"233",232,"","","","e,d","","","","","","","","",""
"234",233,"","","","","","","","","","","","",""
"235",234,"","","","","","","","","","","","",""
"236",235,"","","","","","","","","","","","",""
"237",236,"","","","","","","","","","e","","",""
"238",237,"","","","","","","","","","e","","e,d",""
"239",238,"d","","","","","","","","","","","",""
"240",239,"e","","","","","","","","","","","",""
"241",240,"e","","","e","","","","","","","","",""
"242",241,"","","","e","","","","","","","","",""
"243",242,"","","","","","e","","","","","","",""
"244",243,"","","","","","e","","","","","","e",""
"245",244,"e","","","","e,d","d","","","e","d","e","",""
"246",245,"","","","","","","","","","","","",""
"247",246,"","","e","","","","","","","","","",""
"248",247,"","","e","","","","","","","e,d","","",""
"249",248,"","e","","e","","","","e","","e","","",""
"250",249,"","","","e,d","","","","e","","e,d","","",""
"251",250,"","","e","","","","e","e,d","","","","e",""
"252",251,"","","e","","","","","","","","","e",""
"253",252,"e,d","e","","","","","","","","e","","",""
"254",253,"d","","e,d","","","e","e","","","","e","",""
"255",254,"","","e","","e,d","","e","","","","e,d","",""
"256",255,"","","e","","","","","","e,d","","","",""
"257",256,"","","","","","e","e","","e,d","","","",""
"258",257,"","","","","","e","","","e,d","","","",""
"259",258,"","","","","","","","","e,d","","","",""
"260",259,"","","","","","","","","","","","e",""
"261",260,"e","e","","","","","","e,d","","","","e",""
"262",261,"e","","","","","","","e","","","","",""
"263",262,"","","e","","","","e","","e","","e","",""
"264",263,"","","","d","","","e","","e","","e","",""
"265",264,"","","","","","e,d","e","","e","d","","",""
"266",265,"","","e","","","","e","","d","","","",""
"267",266,"","","e","","","","e,d","","","","","",""
"268",267,"e","","e,d","e","","","","","e,d","","","",""
"269",268,"e","","","","","e","","e","","","","",""
"270",269,"","","","","e,d","e","","","","","","e",""
"271",270,"","","","","e,d","e","","e","","","","",""
"272",271,"","","e","","e","","","d","","","","",""
"273",272,"","","e","","","","","e","","e","e","",""
"274",273,"","","","","","","","","e,d","","e","",""
"275",274,"","","e","","","","","e,d","e","e","e","",""
"276",275,"","","e","","","","","","","","d","",""
"277",276,"","","e","","","","","","","","","",""
"278",277,"","","e","","","e","","","","","","",""
"279",278,"","","","","","e","e","","","","e","",""
"280",279,"","","","","","","e","","e,d","","","",""
"281",280,"","","","","e,d","","e","","","","","",""
"282",281,"","","e","","","","","","","","","",""
"283",282,"","","","","","","","","","","","",""
"284",283,"","e","e","e","","","","e,d","","","","",""
"285",284,"","","","e","","","","","","","e","",""
"286",285,"","","","","d","","","","","","e","",""
"287",286,"","","","","","d","","","","","e","",""
"288",287,"","","","","","e,d","","e","","","","",""
"289",288,"e","","","","","","","e,d","","","","",""
"290",289,"","","","","e","","","","","","","",""
"291",290,"","","","d","e,d","","","","","","","",""
"292",291,"","","","","","","","","e","","","",""
"293",292,"e","","","","","","","","","","","",""
"294",293,"","","","","","","","d","","","","",""
"295",294,"","","","","","","","","","","","",""
"296",295,"","","","e,d","","e","","","","","e","",""
"297",296,"e","","","","","","","e","","","","",""
"298",297,"e","","","","","","","","","","","",""
"299",298,"","","","","","","e","","","","","",""
"300",299,"","","","","","","","","e","","","",""
"301",300,"","","","","","","","","e","","","",""
"302",301,"","","","","","","e","","","","","",""
"303",302,"","","e","","","","e","","","","","",""
"304",303,"","","","","","","e,d","","","","","",""
"305",304,"e","","","","","","","","","","","",""
"306",305,"","","","","","","","","","","e","",""
"307",306,"","","e","","","","","","","","e","",""
"308",307,"","","e","","","e","","","","","e","",""
"309",308,"","e","e","e,d","","","","","","","","",""
"310",309,"","e","","","","","","","","","","",""
"311",310,"","e","e,d","","","","","","","","","",""
"312",311,"e","","","","","","","","","","","",""
"313",312,"","","","","","e","e","e","","","","",""
"314",313,"","","","","","e","e","e,d","","","","",""
"315",314,"","","","","","e,d","","e","","","","",""
"316",315,"","","","d","","","","e,d","","","","",""
"317",316,"e,d","","","","","","","","","","","",""
"318",317,"","","","","","","e","","","","","",""
"319",318,"e","","","","","","e","","","","","",""
"320",319,"e","","","","","","e","","","","","",""
"321",320,"","","","","","","e","","","","","e",""
"322",321,"","","","","","","e","","","","","e",""
"323",322,"","","","","","","e","","e","","","",""
"324",323,"","","","","","","","","e","","","",""
"325",324,"","","e,d","e","","","","","e","","","",""
"326",325,"","","e","","","","","e","d","","","",""
"327",326,"","","e,d","","","","","e","","","","",""
"328",327,"","","e","e","","","","e","","","","",""
"329",328,"","","e","","","","","e,d","","","","",""
"330",329,"","","e","","","","","","","","","",""
"331",330,"","","e,d","","","","","","","","","",""
"332",331,"","","e","","","","","","","","","",""
"333",332,"","","","","","","","","","","","",""
"334",333,"","e,d","e","","","","","","","","","",""
"335",334,"e","","","","","","","","","","","",""
"336",335,"","","","","","e","","","","","e","",""
"337",336,"","","e","","","e","","","e,d","","e","",""
"338",337,"","","","","","","","","e","","","",""
"339",338,"e","","e","e","","","","","e","","e","",""
"340",339,"e","","e","","","","","","","","e","",""
"341",340,"","","","","","","","","","","e","",""
"342",341,"","","","","","","","","","","e","",""
"343",342,"","e","","","","e","","","e,d","","","",""
"344",343,"e","","e","","","","","","","","e","",""
"345",344,"","","e","","","e","","","","","","",""
"346",345,"","","e","","","e","","","","","","",""
"347",346,"e,d","","d","","","e","","","","","","",""
"348",347,"d","","d","","","e","","","","","","",""
"349",348,"e","","","","","d","e","","","","","",""
"350",349,"","","","","","e","d","","","","e","",""
"351",350,"","","","","","e","","","","","e","",""
"352",351,"","","","","","","","","","e","e","",""
"353",352,"e","","","","","","","","","e","","",""
"354",353,"","","","","","e,d","","","","","","",""
"355",354,"","","","","","","","e","","","","",""
"356",355,"","","","","","","","e","","","","",""
"357",356,"","","","","e","","","e,d","","","","",""
"358",357,"","","","","e,d","","","e","","d,e","","",""
"359",358,"","","","","e","","","d","","e","","",""
"360",359,"","","","d","e","","","","","e","","",""
"361",360,"e","","","","","","","","","e","","e",""
"362",361,"","","","","e","e,d","","","","","","",""
"363",362,"","","","","e","","","","","","","",""
"364",363,"","","d","","d,e","","","","","","","",""
"365",364,"","","e","","","","","e","","","","",""
"366",365,"","","e","","","","","d","","","","",""
"367",366,"","","e","","","","","","","","","",""
"368",367,"","","e","","e","","","","","","","",""
"369",368,"","","","","","","","e","","","","",""
"370",369,"","","","","","","","e","","","d,e","",""
"371",370,"","","","","","d","","","","","e","",""
"372",371,"","","","","","e","","","","","","",""
"373",372,"","","","e","","e","","","","","","",""
"374",373,"","","","e","","e","","","","","","",""
"375",374,"","","","d","","e","","","","","e","",""
"376",375,"","","","","","d","","","","","e","",""
"377",376,"","","d","","","","","","","","","",""
"378",377,"","","","","","e","","","","","e,d","",""
"379",378,"","","e","","","e","","","","","d","",""
"380",379,"","","d","","","","","","","e","","",""
"381",380,"","","","","","","","","","e,d","e","",""
"382",381,"","","","","","","","","","e","","e",""
"383",382,"","","","","e","","","","","e","","d",""
"384",383,"","","","","","","","","","","","",""
"385",384,"","","","","","","","","","","","",""
"386",385,"","","","","","","","d","","","","",""
"387",386,"d","","","","","","","","","","","",""
"388",387,"d","","","","","e","","","","","","",""
"389",388,"e","","","","","","","","","","","",""
"390",389,"","","","","e","","","","","","","",""
"391",390,"","","","","e","","","","","","","",""
"392",391,"e","","","","","e","","","","","","",""
"393",392,"","","","","","e","","","","","","",""
"394",393,"e","","","","","","","","","","","",""
"395",394,"e","","","","","","","","","","","",""
"396",395,"","","","","","","","","","","","",""
"397",396,"","","","","","","","","","","e","",""
"398",397,"","","","","","","","","","","e,d","",""
"399",398,"","","","","","","","","","","e","",""
"400",399,"","","","","","","","","","","e","",""
"401",400,"","","","","","","","","","","","",""
"402",401,"","","","","e","","","","","","","",""
"403",402,"","","","","e","","","","","","","",""
"404",403,"","","","","d","","","","","","","",""
"405",404,"","","","","","","","","","","","",""
"406",405,"","","","","","","","","","","","",""
"407",406,"","","","","","","","","","","","e",""
"408",407,"","","","","","","","","","","","d,e",""
"409",408,"","","","","","","","","","","","",""
"410",409,"","","","","","","","","","","","",""
"411",410,"","","","","","","","e","","","","",""
"412",411,"","","","","","","","e,d","","","","",""
"413",412,"","","","","","","","e","","","","",""
"414",413,"","","","","","","","e","","","","",""
"415",414,"","","","","","","","d","","","","",""
"416",415,"e,d","","","","","","","","","","","",""
"417",416,"","","","","","","","","","","","",""
"418",417,"","","","","","","","","","","","",""
"419",418,"e","","","","","","","","","","","",""
"420",419,"","","","","","","","","","","","",""
"421",420,"","","","","","","","","","","","",""
"422",421,"","","","","","","","","","","","",""
"423",422,"","","","","e","","","","","","","",""
"424",423,"","","","","e","d","","","","","","",""
"425",424,"","","","","","","","","","","","",""
"426",425,"","","","","d","","","","","","","",""
"427",426,"e","","","","","","","","","","","",""
"428",427,"","","","","","","","","","","","",""
"429",428,"","","","","","","","","","","","",""
"430",429,"","","","","","","","","","","","",""
"431",430,"","","","","","","","","","","","",""
"432",431,"","","","","","","","","","","","",""
"433",432,"","","","","","","","","","","","",""
"434",433,"","","","","","e","","","","","","",""
"435",434,"","","","","","","","","","","","",""
"436",435,"d","","","","d","","","","","","","",""
"437",436,"","","d","","d","e","","","","","","",""
"438",437,"","","e","","","","","","","","","",""
"439",438,"e","","","","","","","","","","e","",""
"440",439,"e","","e","","","","","","","","","",""
"441",440,"e","","","","d","","","","","","","",""
"442",441,"","","","","","","","","","","","",""
"443",442,"","","","","","d","","","","","","",""
"444",443,"","","","","","","","","","","","",""
"445",444,"","","","","","","","","","","e","",""
"446",445,"","","","","","","","","","","e","",""
"447",446,"","","","","","","","","","e","e","",""
"448",447,"e","","","","","","","","","","","",""
"449",448,"","","e","","","d,e","","","","","","",""
"450",449,"","","","","","e","","","","","","",""
"451",450,"","","","","","e","","","","","e","",""
"452",451,"e","","","","","","","","","","e","",""
"453",452,"","","e","","e","","","","","","","",""
"454",453,"","","","","","e","","","","","","",""
"455",454,"e","","","","","e","","","","e","","",""
"456",455,"","","e","","","e","","","","e","","",""
"457",456,"","","e","","","","","","e","","","e",""
"458",457,"","","","","","","","","e","d","","e",""
"459",458,"","","e","","","d,e","","","e","","","",""
"460",459,"","","","","","","","","","","e","",""
"461",460,"e","","","","","","","","","e","e","",""
"462",461,"","","","","","","","","e","","","",""
"463",462,"","","","","","","","","","d,e","","",""
"464",463,"","","","","","e","","","","e","","",""
"465",464,"e","","","","","","","","e","","","",""
"466",465,"","","","","","","","","","","","d",""
"467",466,"","","","","","","","","","","e,d","",""
"468",467,"","","","","","","e","","","","","",""
"469",468,"","","","","","","d","","","","","",""
"470",469,"","","","","","","e","","","","","e",""
"471",470,"","","","","","","","","","","","",""
"472",471,"","","","","","","","","e,d","","","",""
"473",472,"","","","","","","","","","","","",""
"474",473,"","","","","","","","","","","","",""
"475",474,"","","","","","e","","","","","","",""
"476",475,"","","","","","","","","","","","",""
"477",476,"","","","","","","","","","e,d","","",""
"478",477,"","","","","","","","","","","","",""
"479",478,"","","","","","","","","","","","",""
"480",479,"d","","","","","","","","","","","",""
"481",480,"","","","","","","","","","","","",""
"482",481,"","","","","","","","","","","","",""
"483",482,"e","","","","","e","","","","","","",""
"484",483,"e","","","","","d","","","","","","",""
"485",484,"","","","","","","","","","","e","",""
"486",485,"","","","","","","","","","","e","",""
"487",486,"d","","","","","","","","","","e","",""
"488",487,"","","","","","","","","","","","",""
"489",488,"","","","","","","","","","","e","",""
"490",489,"","","","","","","","","","","e","",""
"491",490,"","e","","","","","","","","","e","",""
"492",491,"","","","","","","","","e","","","",""
"493",492,"","e,d","","","","","","","","","","",""
"494",493,"d","","","","","","","","","","","",""
"495",494,"","","","","","","","","","","","",""
"496",495,"","","","","","","","","","","d","",""
"497",496,"","","","","","","d","","","","","",""
"498",497,"","","","","","","","","","","","",""
"499",498,"","","","","","","","","","","","",""
"500",499,"","","","","","","","","","","","",""
"501",500,"","","","","","","","","","","e","",""
"502",501,"","","","","","","","","","","e","",""
"503",502,"","","","","","","","","","","","",""
"504",503,"","","","","","e","","","d","","","",""
"505",504,"","","","","","e","","","","","","",""
"506",505,"","","","","","","","","","","","",""
"507",506,"","e","","","","","","","","","","",""
"508",507,"","e","","","","","","","","","","",""
"509",508,"","e","","","","","","","","","","",""
"510",509,"","","","","","","","","","","","",""
"511",510,"","","","","","","","","","","","",""
"512",511,"","","","","","","","","","","","",""
"513",512,"","","","","","","","","","","e","",""
"514",513,"","","","","","","","","","","","",""
"515",514,"","","","","","","e","","","","","",""
"516",515,"","","","","","","","","","","","",""
"517",516,"","","","","","e","","","","","","",""
"518",517,"","","","e","","","","","","","","",""
"519",518,"","","","","","","","","","","","",""
"520",519,"d","","","","","","","","","","","",""
"521",520,"","","","","","","","","","","","",""
"522",521,"","","","","e","","","d,e","","","","",""
"523",522,"","","","","e","","","e","","","","",""
"524",523,"","","","","e","","","","","","","",""
"525",524,"","","","","e","","","","","","","",""
"526",525,"","","","","e","","","","","","","",""
"527",526,"","","","","e","","","","","","","",""
"528",527,"e","","","","d","","","","","","","",""
"529",528,"e","","","","","","","","","","","",""
"530",529,"e","","","","","","","","","","","",""
"531",530,"","","","","","","","","","","","",""
"532",531,"","","","","","","","","","","","",""
"533",532,"","","","","","","","","","","","",""
"534",533,"","","","","","","","","","","","d,e",""
"535",534,"","","e","","","","","","","","","",""
"536",535,"","","","","","","","","","","","",""
"537",536,"","","","","","","","","","","","",""
"538",537,"","","","","","","","","","","","",""
"539",538,"","","e","","","","","","","","","",""
"540",539,"","","e,d","","","","","","","","","",""
"541",540,"","","","","","e","","","","","","",""
"542",541,"","","","","","e","","","","","","",""
"543",542,"","","","","","","","","","","","",""
"544",543,"e","","d","","","","","","","","","",""
"545",544,"","","","","","","","","","d","","",""
"546",545,"","","","","","","","","","e","","",""
"547",546,"","","","","","","","","","","","",""
"548",547,"","","","","e","","","","","","","",""
"549",548,"","","","","e","","","","","","","",""
"550",549,"","","","","","","","","","","","",""
"551",550,"","","e","","","","","","","","","",""
"552",551,"e","","","","","","","","","","","",""
"553",552,"e","","","","","","","","","","","",""
"554",553,"e","","","","","","","","","","","",""
"555",554,"","","","","","","","","","","","",""
"556",555,"","","","","","","","","","","","",""
"557",556,"","","","","","","","","","","","",""
"558",557,"","d","","","","","","","","d,e","","",""
"559",558,"","","","","","","","","","e","","",""
"560",559,"","","","","","","","","","e","","",""
"561",560,"","","","","","","","","","e,d","","",""
"562",561,"","","e","","","d","","","","","","",""
"563",562,"","","e","","","e,d","","","","","","",""
"564",563,"d","","e","","","","e","","","","","",""
"565",564,"","","","","","","e","","","d","e","",""
"566",565,"","","","","","","e","","","e","","",""
"567",566,"","","","","","e","","","","e","","",""
"568",567,"","","","","","e","","","","e","","",""
"569",568,"e","","","","","e","","","","","","",""
"570",569,"e","","","","","","","","","","","",""
"571",570,"e","","","","","","","","","","","",""
"572",571,"","","","","","","","","","","","",""
"573",572,"","","","","","","","","","","","",""
"574",573,"","","","","","","","","","","","",""
"575",574,"","","","","","","","","","","","",""
"576",575,"d","","","","","","","","","","","",""
"577",576,"","","","","","","","","","","","",""
"578",577,"","","","","","","e","","","d,e","","",""
"579",578,"","","","","","","e","","","d,e","","",""
"580",579,"","","e","","","","e,d","","","","","",""
"581",580,"","","e","","","","e,d","","","","","",""
"582",581,"","","e","","","","e","","","","","",""
"583",582,"","","","","","e","e","","","e","","",""
"584",583,"","","e","","","","","","","e","","",""
"585",584,"","","e","","","","e","","","e","","",""
"586",585,"e","","","","","","","","","e","","",""
"587",586,"e","","","","","","","","","e","","",""
"588",587,"d","","","","","","","","","e,d","","",""
"589",588,"","","","","","","","e","","d","","",""
"590",589,"","","","","","","","","","","","",""
"591",590,"","","e","","","","","","","e,d","","",""
"592",591,"","","","","","","","","","e","","",""
"593",592,"","","e","","","","","","","","","",""
"594",593,"","","e","","","","","","","","","",""
"595",594,"","","","d","","","","","","","","",""
"596",595,"e","","","e","","","","","","","","",""
"597",596,"","","","e","","","","","","","","",""
"598",597,"e","","","d","","","","","","","","",""
"599",598,"","","","","","","","","","","","",""
"600",599,"e","","","","","","","","","","","",""
"601",600,"e","","","e","","","","","","","","",""
"602",601,"","","","e","","","","","","","","",""
"603",602,"","","","e,d","","","","","","","","",""
"604",603,"","","","","","","","","","","","",""
"605",604,"","","","","","","","","","","","",""
"606",605,"","","","","","","","","e","","","",""
"607",606,"","","","","","","","","","","","",""
"608",607,"","","","","","","","","","","","",""
"609",608,"","","","","","","","","","","","",""
"610",609,"","","","","","","","","","","","",""
"611",610,"","","","","","","","","","","","",""
"612",611,"d","","","","","","","","","","","",""
"613",612,"","","","","","","","","","","","",""
"614",613,"","","","","","","","","","","","",""
"615",614,"","","","","","","","","","","","",""
"616",615,"","","","","e","","","","","","","",""
"617",616,"","","","","","","","","","e","","",""
"618",617,"e","","","","","e","","","","e","","",""
"619",618,"e","","","","","","","","e","d,e","","",""
"620",619,"e","","","e","","e","","","","e","","",""
"621",620,"","","","","","e","","","","e","","",""
"622",621,"","","","","","e","","","","e","","",""
"623",622,"","","","e","","","","","","e,d","","",""
"624",623,"","","","e","","","","","","e","","",""
"625",624,"","","","e","","","","","","e,d","","",""
"626",625,"","","","e,d","","","","","","","","",""
"627",626,"","","","","","","e,d","","","","","",""
"628",627,"","","","","","","e","","e","","","",""
"629",628,"","","","","","e","","","e","","","",""
"630",629,"","","","e","e","e","","","","","","",""
"631",630,"e","","","","","e","","","","","","",""
"632",631,"e","","","","d","","","","","","","",""
"633",632,"","","","","e","e","","","","","","e",""
"634",633,"","","","","e","","","","","","","",""
"635",634,"","","","","e","","e","","","","","",""
"636",635,"","","","","e","","e","","","","","",""
"637",636,"","","","","e,d","","","","e","","","",""
"638",637,"","","","","","","","","e,d","","","",""
"639",638,"","","","","d","","","","e","","","",""
"640",639,"","","","","e","","","e","","","","",""
"641",640,"","","","","e","","","e","","","","",""
"642",641,"","e","","","","","e","","","","","",""
"643",642,"","e","","","","","","","","","","",""
"644",643,"","","","","","","","","e","","","",""
"645",644,"","d","","","","","","","e","","","",""
"646",645,"","","","","","e","","","e","","","",""
"647",646,"","","","","","e","","d","","","","",""
"648",647,"e","","","","","","","","","","","",""
"649",648,"e","","","","","","","","","","","",""
"650",649,"","","","","","","","","","","","",""
"651",650,"","","","","","","","","","","","",""
"652",651,"","","e","","","","","","","","","",""
"653",652,"","","e","","","","","","","e","","",""
"654",653,"","e","","","","","","","","","","",""
"655",654,"","","","","","","","","","","","",""
"656",655,"","","","","e,d","","","","","","","",""
"657",656,"","e","","","e","","","","","","","",""
"658",657,"","","","","e","","","","","","","",""
"659",658,"","","","","e","","","e,d","","e","","",""
"660",659,"","","","","e","","","","","e","","",""
"661",660,"","","","","","","","","","","","",""
"662",661,"","","e","","","","","","","","","",""
"663",662,"e,d","","","","","","","","","","","",""
"664",663,"","","","","","","","","","","","",""
"665",664,"","","","","","","","","","","","",""
"666",665,"","","","","","","","","","","","",""
"667",666,"","","","","","","","","","","","",""
"668",667,"","","","","","","","e","","","","",""
"669",668,"","","","","","","","e","","","","",""
"670",669,"e","","","","","","","","","","","",""
"671",670,"e","","","","","","","","","","","",""
"672",671,"","","","","","","","","","","","",""
"673",672,"e","","","","","","","","","","e","",""
"674",673,"e","","","","","","","","","","","",""
"675",674,"","","e","","","","","","","","e","",""
"676",675,"","","","","","","","","","","","",""
"677",676,"","","","","","","","","","","","",""
"678",677,"","","","","","","","","","","","",""
"679",678,"","","","","","","","","","","","",""
"680",679,"","","","","","","","","","","","",""
"681",680,"","","","","","","","","","","","",""
"682",681,"","","","","","","","","","","","",""
"683",682,"","","","","","","","","","","","",""
"684",683,"","","","","","","","","","","","",""
"685",684,"","","","e","","","","","","","","",""
"686",685,"","","","","","","","","","","","",""
"687",686,"","","","","","","","","","","","",""
"688",687,"","","","d","","","","","","","","",""
"689",688,"","","","e","","","","","","","","",""
"690",689,"","","","","","","","","","","","",""
"691",690,"","","","","","","","","","","","e",""
"692",691,"","","","","","","","","","","","e,d",""
"693",692,"","","","","","","","","","","","e",""
"694",693,"","","e","","","","","","","","","e",""
"695",694,"","","e","","","","","","","","","",""
"696",695,"","","e","","","","","","","","","",""
"697",696,"","","","","","e","","d","","","","",""
"698",697,"","","","","","e","","d","","","","",""
"699",698,"","","","","","e","","","","","","",""
"700",699,"","","","","","e","","","","","","",""
"701",700,"","","","","","","","","","","","",""
"702",701,"","","","","","","","","","","","",""
"703",702,"","","","","","e","","","","","","",""
"704",703,"","","","","","","","","","","","",""
"705",704,"","","","","","","","","","","","",""
"706",705,"","","","","","e","","","","","","",""
"707",706,"","","","","","e","","","","","","",""
"708",707,"","","","","","","e","","","","","",""
"709",708,"","e,d","","","","","","","","","","",""
"710",709,"","e","","","","","","","","","","",""
"711",710,"","e","","","","","","","","","","",""
"712",711,"","","","","","","","","","","","",""
"713",712,"","e","","","","","","","","","","",""
"714",713,"","e","","","","","","","","","","",""
"715",714,"","e","","","","","","","","","","",""
"716",715,"","","","","","","","","","","","",""
"717",716,"","","","","","","","","","","","",""
"718",717,"","","","","","","","","","","","",""
"719",718,"","","","","","","","","","","","",""
"720",719,"","","","","","","","","","","","",""
"721",720,"","","","","","","","","","","","","on"
"722",721,"","","","","","","","","","","","",""
"723",722,"","","","","","","","","e","","","",""
"724",723,"","","","","","","","","e","","","",""
"725",724,"","","","","","","","","","","","",""
"726",725,"","","","","","","","","","","","",""
"727",726,"","","","","","","","","","","","",""
"728",727,"e","","","","d,e","","","","","","","",""
"729",728,"","","","","","","","","","","","",""
"730",729,"","","","","","","","","","","","",""
"731",730,"","","","","","","","","","","","",""
"732",731,"","","","","","","","","","","","",""
"733",732,"","","","","e","","","","","","","",""
"734",733,"","","","e","","","","","","","","",""
"735",734,"e","","","e","","","","","","","","",""
"736",735,"e","","","","","","","","","","","",""
"737",736,"","","","","","","","","","","","",""
"738",737,"","","","","","","","","","","","",""
"739",738,"","","","","","","","","","","","",""
"740",739,"","","","","","","","","","","","",""
"741",740,"","","","","","","","","","","","",""
"742",741,"","","","","","","","","","","","",""
"743",742,"","","","","","","","","","","","",""
"744",743,"","","","","","","","","","","","",""
"745",744,"","","","","","","","","","","","",""
"746",745,"","","","","","","","","","","","",""
"747",746,"","","","","","","","","","","","",""
"748",747,"","","","","","","","","","","","",""
"749",748,"","","","","","","","e","","","","",""
"750",749,"","","","","","","","","","","","",""
"751",750,"","","","","","","","","","","","",""
"752",751,"","e","","","","","","","","","","",""
"753",752,"","","","","","","","","","","","",""
"754",753,"","","","","","","","","","","","",""
"755",754,"","","","","","","","","","","","",""
"756",755,"","","","","","","","","","","","",""
"757",756,"","","","","","","","","","","","",""
"758",757,"","","","","","","","","","","","",""
"759",758,"","","","","","","","","","","","",""
"760",759,"","","","","","","","","","","","",""
"761",760,"","","","","","","","","","","","",""
"762",761,"","","","","","","e","","","","","",""
"763",762,"","","","","","","","","","e","","",""
"764",763,"","","","","","","e","","","","","",""
"765",764,"","","","","","","e","","","","","",""
"766",765,"","","","","","","d","","","","","",""
"767",766,"e","","","","","","","","","","","",""
"768",767,"e","","","","","","","","","","","",""
"769",768,"","","","","","","","","","","","",""
"770",769,"","","","","","","","","","","","",""
"771",770,"","","","","","","","","","","","",""
"772",771,"","","","","","","","e","","","","",""
"773",772,"","","e","","","","e","","","","","",""
"774",773,"","","","","","","e","","","d","e","",""
"775",774,"e","","","","","","e","","","","","",""
"776",775,"","","","","","","","","","","","",""
"777",776,"e","","","","","","","","","","","",""
"778",777,"e","","","","","","","","","","","",""
"779",778,"e","","","","","","","","","","","",""
"780",779,"e","","","","","","","","","","","",""
"781",780,"","","","","","","","","","","","",""
"782",781,"","","e","","","","","","","","","",""
"783",782,"","","e","","","","","","","","","",""
"784",783,"","","e","","","","","","","","","",""
"785",784,"","","","","","","","","","","","",""
"786",785,"","","","","e","","","","","","","",""
"787",786,"","","","","e","","","","","","","",""
"788",787,"","","","","e,d","","","","","","","",""
"789",788,"","","","","d","","","","","","","",""
"790",789,"","","","","","","","","","","","",""
"791",790,"","","","","e","","","","","","","",""
"792",791,"","","","","","","","","","","","",""
"793",792,"","","","","","","","","","","","",""
"794",793,"","","","","d","e","e","","","","","",""
"795",794,"","","e","","","","","","","","","",""
"796",795,"","","","","","","","","","","","",""
"797",796,"","e","","","","","","","","","","",""
"798",797,"","","","","","","","","","","","",""
"799",798,"","e","","","","","","","","","","",""
"800",799,"","","","","","","","","","","","",""
"801",800,"","","","","","","","","","","","",""
"802",801,"","e","","","","","","","","","","",""
"803",802,"","e","","","","e","","","","","","",""
"804",803,"","","","","","","","","","","","",""
"805",804,"","","","","","e","","","","","","",""
"806",805,"d","","","","","","","","","","","",""
"807",806,"","","","","","","","","","","","",""
"808",807,"","","","","","d","","","","","","",""
"809",808,"","","","","","","","","","","","",""
"810",809,"","","e","","","","","","","","","",""
"811",810,"","","","","","","","","","","","",""
"812",811,"","","","","","","","","","","","",""
"813",812,"e","","","","","","","","","","","",""
"814",813,"e","","","","","","","","","","","",""
"815",814,"","","","","","","","","","","","",""
"816",815,"","","","","","","","","","","","",""
"817",816,"","","","","","","","","","","","",""
"818",817,"","","","","","","","","","","","",""
"819",818,"","","","","","","","","","","","d",""
"820",819,"","","","","","","","","","","","",""
"821",820,"","","","","","","","","","","","",""
"822",821,"","","","","","","","","","","","",""
"823",822,"","","","","","","","","","","","",""
"824",823,"","","","","","e","","","","","","",""
"825",824,"","","","","","","","","","","","",""
"826",825,"","","","","","","","","","","","",""
"827",826,"","","","","","","","","","","","",""
"828",827,"","","","","","","","","","","","",""
"829",828,"","","","","","e","","","","","","",""
"830",829,"","","","","","","","","","","","",""
"831",830,"","","","","","","","","","","","",""
"832",831,"","","","","","","","","","","","",""
"833",832,"","","","","","","","","","","","",""
"834",833,"","","","","","","","","","","","",""
"835",834,"","","","","","","","","","","","",""
"836",835,"","","","","","","","","","","","",""
"837",836,"","","","","","","","","","","","",""
"838",837,"","","","","","","","","","","","",""
"839",838,"","","","","","","","","","","","",""
"840",839,"","","","","","","","","","","","",""
"841",840,"","","","","","","","","","","","",""
"842",841,"","","","","","","","","","","","",""
"843",842,"","","","","","","","","","","","e",""
"844",843,"","","","","","","","","","","","",""
"845",844,"","","","","","","","","","","","",""
"846",845,"","","","","","","","","","","","",""
"847",846,"","","","","","","","","","","","",""
"848",847,"","","","","","e","","","","","","",""
"849",848,"","","","","","e","","","","","","",""
"850",849,"","","","","","e","","","","","","",""
"851",850,"","","","","","e","","","","","","",""
"852",851,"","","","","","e","","","","","","",""
"853",852,"","","","","","","","","","","","",""
"854",853,"","","","","","","","","","","","",""
"855",854,"","","","","","","","","","","","",""
"856",855,"","","","","","","","","","","","",""
"857",856,"","","","","","d","","","","","","",""
"858",857,"","","","","","","","","","","","",""
"859",858,"","","","","","","","","","","","",""
"860",859,"","","","","","","","","","","","",""
"861",860,"","","","","","","","","","","","",""
"862",861,"","","","","","","","","","","","",""
"863",862,"","","","","","","","","e","","","",""
"864",863,"","","","","","","","","","","","",""
"865",864,"","","","","","","","","","","","",""
"866",865,"","","","","","","","","","","","",""
"867",866,"","","","","","","","","","","","",""
"868",867,"","","","","","","","","","","","",""
"869",868,"","","","","","","","","","","","",""
"870",869,"","","","","","","","","","","","",""
"871",870,"","","","","","","","","","","","",""
"872",871,"","","","","","","","","","","","",""
"873",872,"","","","","","","","","","","","",""
"874",873,"","","","","","","","","","","","",""
"875",874,"","","","","","","","","","","","",""
"876",875,"","","","","","","","","","","","",""
"877",876,"","","","","","","","","","","","",""
"878",877,"","","","","","","","","","","","",""
"879",878,"","","","","","","","","","","","",""
"880",879,"","","","","","e","","","","","","",""
"881",880,"","","","","","","","","","","","",""
"882",881,"","","","","","","","","","","","",""
"883",882,"","","","","","","","","","","","",""
"884",883,"","","","","","","","","","","","",""
"885",884,"","","","","","","","","","","","",""
"886",885,"","","","","","","","","","","","",""
"887",886,"","","","","","","","","","","","",""
"888",887,"","","","","","","","","","","","",""
"889",888,"","","","","","","","","","","","",""
"890",889,"","","","","","","","","","","","",""
"891",890,"","","","","","","","","","","","",""
"892",891,"","","","","","","","","","","","",""
"893",892,"","","","","","","","","","","","",""
"894",893,"","","","","","","","","","","","",""
"895",894,"","","","","","","","","","","","",""
"896",895,"","","","","","","","","","","","",""
"897",896,"","","","","","","","","","","","",""
"898",897,"","","","","","","","","","","","",""
"899",898,"","","","","","","","","","","","",""
"900",899,"","","","","","","","","","","","",""
"901",900,"","","","","","","","","","","","",""
"902",901,"","","","","","","","","","","","",""
"903",902,"","","","","","","","","","","","",""
"904",903,"","","","","","","","","","","","",""
"905",904,"","","","","","","","","","","","",""
"906",905,"","","","","","","","","","","","",""
"907",906,"","","","","","","","","","","","",""
"908",907,"","","","","","","","","","","","",""
"909",908,"","","","","","","","","","","","",""
"910",909,"","e","","","","","","","","","","",""
"911",910,"","","","","","","","","","","","",""
"912",911,"","","","","","","","","","","","",""
"913",912,"","","","","","","","","","","","",""
"914",913,"","","","","","","","","","","","",""
"915",914,"","","","","","","","","","","","",""
"916",915,"","","","","","","","","","","","",""
"917",916,"","","","","","","","","","","","",""
"918",917,"","","","","","","","","","","","",""
"919",918,"","","","","","","","","","","","",""
"920",919,"","","","","","","","","","","","",""
"921",920,"","","","","","","","","","","","",""
"922",921,"","","","","","","","","","","","",""
"923",922,"","","","","","","","","","","","",""
"924",923,"","","","","","","","","","","","",""
"925",924,"","","","","","","","","","","","",""
"926",925,"","","","","","","","","","","","",""
"927",926,"","","","","","","d,e","","","","","",""
"928",927,"","","","","","","e","","","","","",""
"929",928,"","","","","","","","","","","","",""
"930",929,"","","","","","","","","","","","",""
"931",930,"","","","","d","","","","","","","",""
"932",931,"","","","","","","","","","","","",""
"933",932,"","","","","","","","","","","","",""
"934",933,"","","","","","","","","","","","",""
"935",934,"","","","","","","","","","","","",""
"936",935,"","","","","","","","","","","","",""
"937",936,"","","","","","","","","","","","",""
"938",937,"","","","","","","","","","","","",""
"939",938,"","","","","","","","","","","","",""
"940",939,"","","","","","","","","","","","",""
"941",940,"","","","","","","","","","","","",""
"942",941,"","","","","","","","","","","","",""
"943",942,"","","e","","","","","","","","","",""
"944",943,"","","","","","","","","","","","",""
"945",944,"","","","","","","","","","","","",""
"946",945,"","","","","","","","","","","","",""
"947",946,"","","","","","","","","","","","",""
"948",947,"","","","","","","","","","","","",""
"949",948,"","","","","","","","","","","","",""
"950",949,"","","","","","","","","","","","",""
"951",950,"","","","","","","","","","","","",""
"952",951,"","","","","","","","","","","","",""
"953",952,"","","","","","","","","","","","",""
"954",953,"","","","","","","","","","","","",""
"955",954,"","","","","","","","","","","","",""
"956",955,"","","","","","","","","","","e","",""
"957",956,"","","","","","","","","","","e","",""
"958",957,"","","","","","","","","","","","",""
"959",958,"","","","","","","","","","","","",""
"960",959,"","","","","","","","","","","","",""
"961",960,"","","","","","","","","","","","",""
"962",961,"","","","","","","","","","","","",""
"963",962,"","","","","","","","","","","","",""
"964",963,"","","","e","","","","","","","","",""
"965",964,"","","","e","","","","","","","","",""
"966",965,"","","","","","","","","","","","",""
"967",966,"","","","","","","","","","","","",""
"968",967,"","","","","","","","","","","","",""
"969",968,"","","","","","","","","","","","",""
"970",969,"","","","","","","","","","","","",""
"971",970,"","","","","","","","","","","","",""
"972",971,"","","","","","","","","","","","",""
"973",972,"","","","","","","","","","","","",""
"974",973,"","","","","","","","","","","","",""
"975",974,"","","","","","","","","","","","",""
"976",975,"","","","","","","","","","","","",""
"977",976,"","","","","","","","","","","","",""
"978",977,"","","","","","","","","","","","",""
"979",978,"","","","","","","","","","","","",""
"980",979,"","","","","","","d","","","","","",""
"981",980,"","","","","","","","","","","","",""
"982",981,"","","","","","","","","","","","",""
"983",982,"","","","","","","","","","","","",""
"984",983,"","","","","","","","","","","","",""
"985",984,"","","","d","","","","","","","","",""
"986",985,"","","","","","","","","","","","",""
"987",986,"","","","","","","","","","","","",""
"988",987,"","","","","","","","","","","","",""
"989",988,"","","","","","","","","","","","",""
"990",989,"","","","","","","","","","","","",""
"991",990,"","","","","","","","","","","","",""
"992",991,"","","","","","","","","","","","",""
"993",992,"","","","","","","","","","","","",""
"994",993,"","","","","","","","","","","","",""
"995",994,"","","","","","","","","","","","",""
"996",995,"","","","","","","","","","","","",""
"997",996,"","","","","","","","","","","","",""
"998",997,"","","","","","","","","","","","",""
"999",998,"","","","","","","","","","","","",""
"1000",999,"","","","","","","","","","","","",""
"1001",1000,"","","","","","","","","","","","",""
"1002",1001,"","","","","","","","","","","","",""
"1003",1002,"","","","","","","","","","","","",""
"1004",1003,"","","","","","","","","","","","",""
"1005",1004,"","","","","","","","","","","","",""
"1006",1005,"","","","","","","","","","","","",""
"1007",1006,"","","","","","","","","","","","",""
"1008",1007,"","","","","","","","","","","","",""
"1009",1008,"","","","","","","","","","","","",""
"1010",1009,"","","","","","","","","","","","",""
"1011",1010,"","","","","","","","","","","","",""
"1012",1011,"","","","","","","","","","","","",""
"1013",1012,"","","","","","","","","","","","",""
"1014",1013,"","","","","","","","","","","","",""
"1015",1014,"","","","","","","","","","","","",""
"1016",1015,"","","","","","","","","","","","",""
"1017",1016,"","","","","","","","","","","","",""
"1018",1017,"","","","","","","","","","","","",""
"1019",1018,"","","","","","","","","","","","",""
"1020",1019,"","","","","","","","","","","","",""
"1021",1020,"","","","","","","","","","","","",""
"1022",1021,"","","","","","","","","","","","",""
"1023",1022,"","","","","","","","","","","","",""
"1024",1023,"","","","","","","","","","","","",""
"1025",1024,"","","","","","","","","","","","",""
"1026",1025,"","","","","","","","","","","","",""
"1027",1026,"","","","","","","","","","","","",""
"1028",1027,"","","","","","","","","","","","",""
"1029",1028,"","","","","","","","","","","","",""
"1030",1029,"","","","","","","","","","","","",""
"1031",1030,"","","","","","","","","","","","",""
"1032",1031,"","","","","","","","","","","","",""
"1033",1032,"","","","","","","","","","","","",""
"1034",1033,"","","","","","","","","","","","",""
"1035",1034,"","","","","","","","","","","","",""
"1036",1035,"","","","","","","","","","","","",""
"1037",1036,"","","","","","","","","","","","",""
"1038",1037,"","","","","","","","","","","","",""
"1039",1038,"","","","","","","","","","","","",""
"1040",1039,"","","","","","","","","","","","",""
"1041",1040,"","","","","","","","","","","","",""
"1042",1041,"","","","","","","","","","","","",""
"1043",1042,"","","","","","","","","","","","",""
"1044",1043,"","","","","","","","","","","","",""
"1045",1044,"","","","","","","","","","","","",""
"1046",1045,"","","","","","","","","","","","",""
"1047",1046,"","","","","","","","","","","","",""
"1048",1047,"","","","","","","","","","","","",""
"1049",1048,"","","","","","","","","","","","",""
"1050",1049,"","","","","","","","","","","","",""
"1051",1050,"","","","","","","","","","","","",""
"1052",1051,"","","","","","","","","","","","",""
"1053",1052,"","","","","","","","","","","","",""
"1054",1053,"","","","","","","","","","","","",""
"1055",1054,"","","","","","","","","","","","",""
"1056",1055,"","","","","","","","","","","","",""
"1057",1056,"","","","","","","","","","","","",""
"1058",1057,"","","","","","","","","","","","",""
"1059",1058,"","","","","","","","","","","","",""
"1060",1059,"","","","","","","","","","","","",""
"1061",1060,"","","","","","","","","","","","",""
"1062",1061,"","","","","","","","","","","","",""
"1063",1062,"","","","","","","","","","","","",""
"1064",1063,"","","","","","","","","","","","",""
"1065",1064,"","","","","","","","","","","","",""
"1066",1065,"","","","","","","","","","","","",""
"1067",1066,"","","","","","","","","","","","",""
"1068",1067,"","","","","","","","","","","","",""
"1069",1068,"","","","","","","","","","","","",""
"1070",1069,"","","","","","","","","","","","",""
"1071",1070,"","","","","","","","","","","","",""
"1072",1071,"","","","","","","","","","","","",""
"1073",1072,"","","","","","","","","","","","",""
"1074",1073,"","","","","","","","","","","","",""
"1075",1074,"","","","","","","","","","","","",""
"1076",1075,"","","","","","","","","","","","",""
"1077",1076,"","","","","","","","","","","","",""
"1078",1077,"","","","","","","","","","","","",""
"1079",1078,"","","","","","","","","","","","",""
"1080",1079,"","","","","","","","","","","","",""
"1081",1080,"","","","","","","","","","","","",""
"1082",1081,"","","","","","","","","","","","",""
"1083",1082,"","","","","","","","","","","","",""
"1084",1083,"","","","","","","","","","","","",""
"1085",1084,"","","","","","","","","","","","",""
"1086",1085,"","","","","","","","","","","","",""
"1087",1086,"","","","","","","","","","","","",""
"1088",1087,"","","","","","","","","","","","",""
"1089",1088,"","","","","","","","","","","","",""
"1090",1089,"","","","","","","","","","","","",""
"1091",1090,"","","","","","","","","","","","",""
"1092",1091,"","","","","","","","","","","","",""
"1093",1092,"","","","","","","","","","","","",""
"1094",1093,"","","","","","","","","","","","",""
"1095",1094,"","","","","","","","","","","","",""
"1096",1095,"","","","","","","","","","","","",""
"1097",1096,"","","","","","","","","","","","",""
"1098",1097,"","","","","","","","","","","","",""
"1099",1098,"","","","","","","","","","","","",""
"1100",1099,"","","","","","","","","","","","",""
"1101",1100,"","","","","","","","","","","","",""
"1102",1101,"","","","","","","","","","","","",""
"1103",1102,"","","","","","","","","","","","",""
"1104",1103,"","","","","","","","","","","","",""
"1105",1104,"","","","","","","","","","","","",""
"1106",1105,"","","","","","","","","","","","",""
"1107",1106,"","","","","","","","","","","","",""
"1108",1107,"","","","","","","","","","","","",""
"1109",1108,"","","","","","","","","","","","",""
"1110",1109,"","","","","","","","","","","","",""
"1111",1110,"","","","","","","","","","","","",""
"1112",1111,"","","","","","","","","","","","",""
"1113",1112,"","","","","","","","","","","","",""
"1114",1113,"","","","","","","","","","","","",""
"1115",1114,"","","","","","","","","","","","",""
"1116",1115,"","","","","","","","","","","","",""
"1117",1116,"","","","","","","","","","","","",""
"1118",1117,"","","","","","","","","","","","",""
"1119",1118,"","","","","","","","","","","","",""
"1120",1119,"","","","","","","","","","","","",""
"1121",1120,"","","","","","","","","","","","",""
"1122",1121,"","","","","","","","","","","","",""
"1123",1122,"","","","","","","","","","","","",""
"1124",1123,"","","","","","","","","","","","",""
"1125",1124,"","","","","","","","","","","","",""
"1126",1125,"","","","","","","","","","","","",""
"1127",1126,"","","","","","","","","","","","",""
"1128",1127,"","","","","","","","","","","","",""
"1129",1128,"","","","","","","","","","","","",""
"1130",1129,"","","","","","","","","","","","",""
"1131",1130,"","","","","","","","","","","","",""
"1132",1131,"","","","","","","","","","","","",""
"1133",1132,"","","","","","","","","","","","",""
"1134",1133,"","","","","","","","","","","","",""
"1135",1134,"","","","","","","","","","","","",""
"1136",1135,"","","","","","","","","","","","",""
"1137",1136,"","","","","","","","","","","","",""
"1138",1137,"","","","","","","","","","","","",""
"1139",1138,"","","","","","","","","","","","",""
"1140",1139,"","","","","","","","","","","","",""
"1141",1140,"","","","","","","","","","","","",""
"1142",1141,"","","","","","","","","","","","",""
"1143",1142,"","","","","","","","","","","","",""
"1144",1143,"","","","","","","","","","","","",""
"1145",1144,"","","","","","","","","","","","",""
"1146",1145,"","","","","","","","","","","","",""
"1147",1146,"","","","","","","","","","","","",""
"1148",1147,"","","","","","","","","","","","",""
"1149",1148,"","","","","","","","","","","","",""
"1150",1149,"","","","","","","","","","","","",""
"1151",1150,"","","","","","","","","","","","",""
"1152",1151,"","","","","","","","","","","","",""
"1153",1152,"","","","","","","","","","","","",""
"1154",1153,"","","","","","","","","","","","",""
"1155",1154,"","","","","","","","","","","","",""
"1156",1155,"","","","","","","","","","","","",""
"1157",1156,"","","","","","","","","","","","",""
"1158",1157,"","","","","","","","","","","","",""
"1159",1158,"","","","","","","","","","","","",""
"1160",1159,"","","","","","","","","","","","",""
"1161",1160,"","","","","","","","","","","","",""
"1162",1161,"","","","","","","","","","","","",""
"1163",1162,"","","","","","","","","","","","",""
"1164",1163,"","","","","","","","","","","","",""
"1165",1164,"","","","","","","","","","","","",""
"1166",1165,"","","","","","","","","","","","",""
"1167",1166,"","","","","","","","","","","","",""
"1168",1167,"","","","","","","","","","","","",""
"1169",1168,"","","","","","","","","","","","",""
"1170",1169,"","","","","","","","","","","","",""
"1171",1170,"","","","","","","","","","","","",""
"1172",1171,"","","","","","","","","","","","",""
"1173",1172,"","","","","","","","","","","","",""
"1174",1173,"","","","","","","","","","","","",""
"1175",1174,"","","","","","","","","","","","",""
"1176",1175,"","","","","","","","","","","","",""
"1177",1176,"","","","","","","","","","","","",""
"1178",1177,"","","","","","","","","","","","",""
"1179",1178,"","","","","","","","","","","","",""
"1180",1179,"","","","","","","","","","","","",""
"1181",1180,"","","","","","","","","","","","",""
"1182",1181,"","","","","","","","","","","","",""
"1183",1182,"","","","","","","","","","","","",""
"1184",1183,"","","","","","","","","","","","",""
"1185",1184,"","","","","","","","","","","","",""
"1186",1185,"","","","","","","","","","","","",""
"1187",1186,"","","","","","","","","","","","",""
"1188",1187,"","","","","","","d","","","","","",""
"1189",1188,"","","","","","","","","","","","",""
"1190",1189,"","","","","","","","","","","","",""
"1191",1190,"","","","","","","","","","","","",""
"1192",1191,"","","","","","","e","","","","","",""
"1193",1192,"","","","","","","e","","","","","",""
"1194",1193,"","","","","","","e","","","","","",""
"1195",1194,"","","","","","","","","","","","",""
"1196",1195,"","","","","","","","","","","","",""
"1197",1196,"","","","","","","","","","","","",""
"1198",1197,"","","","","","","","","","","","",""
"1199",1198,"","","","","","","","","","","","",""
"1200",1199,"","","","","","","","","","","","",""
"1201",1200,"","","","","","","","","","","","",""
"1202",1201,"","","","","","","","","","","","",""
"1203",1202,"","","","","","","","","","","","",""
"1204",1203,"","","","","","","","","","","","",""
"1205",1204,"","","","","","","","","","","","",""
"1206",1205,"","","","","","","","","","","","",""
"1207",1206,"","","","","","","e","","","","","",""
"1208",1207,"","","","","","","","","","","","",""
"1209",1208,"","","","","","","","","","","","",""
"1210",1209,"","","","","","","","","","","","",""
"1211",1210,"","","","","","","","","","","","",""
"1212",1211,"","","","","","","","","","","","",""
"1213",1212,"","","","","","","","","","","","",""
"1214",1213,"","","","","","","","","","","","",""
"1215",1214,"","","","","","","","","","","","",""
"1216",1215,"","","","","","","","e","","","","",""
"1217",1216,"e","","","","","","","","","","","",""
"1218",1217,"e","","","","","","","","","","","",""
"1219",1218,"e","","","","","","","","","","","",""
"1220",1219,"","","","","","","","","","","","",""
"1221",1220,"","","","","","","","","","","","",""
"1222",1221,"","","","","","","","","","","","",""
"1223",1222,"","","","","","","","","","","","",""
"1224",1223,"","","","","","","","","","","","",""
"1225",1224,"d","","","","","","","","","","","",""
"1226",1225,"e","","","","","","","","","","","",""
"1227",1226,"e","","","","","","","","","","","",""
"1228",1227,"e","","","e","","","","","","","","",""
"1229",1228,"e","","","","","","","","","","","",""
"1230",1229,"e","","","","","","","","","","","",""
"1231",1230,"","","","","","","","","","","","",""
"1232",1231,"","","","e","","","","","","","","",""
"1233",1232,"","","","e","","","","","","","","",""
"1234",1233,"","","","e","","","","","","","","",""
"1235",1234,"","","e","","","","","","","","","",""
"1236",1235,"","","e","","","","","","","","","",""
"1237",1236,"","","e","","","","","","","","","",""
"1238",1237,"e","","","","","","","","","","","",""
"1239",1238,"e","","","","","","","","","","","",""
"1240",1239,"e","","","","","","","","","","","",""
"1241",1240,"","","","","","","","","","","","",""
"1242",1241,"","","","","","","","","","","","",""
"1243",1242,"","","","","","","","","","","","",""
"1244",1243,"","","","","","","","","","","","",""
"1245",1244,"","","","","","","","","","","","",""
"1246",1245,"","","","","","","","","","","","",""
"1247",1246,"","","","","","","","","","","","e",""
"1248",1247,"","","","","","","","","","","","e,d",""
"1249",1248,"","","","","","","","","","","","",""
"1250",1249,"","","","","","","","","","","","",""
"1251",1250,"","","","","","","","","","e","","",""
"1252",1251,"","e","","","","","","","","","","",""
"1253",1252,"","e","","","","","","","","","","",""
"1254",1253,"","","","","","","","","","","","",""
"1255",1254,"","","","","","","","","","","","",""
"1256",1255,"","e","","","","","","","","","","",""
"1257",1256,"","e","","","","","","","","","","",""
"1258",1257,"","","","","","","","","","","","",""
"1259",1258,"","","","","","","","","","","","",""
"1260",1259,"","","","","","","","","","","","",""
"1261",1260,"","","","","","","","","","","","",""
"1262",1261,"","","","","","","","","","","","",""
"1263",1262,"","","","","","","","","","","","",""
"1264",1263,"","","","","","","","","","","","",""
"1265",1264,"","","","","","","","","","","","",""
"1266",1265,"","e","","","","","","","","","","",""
"1267",1266,"","e","","","","","","","","","","",""
"1268",1267,"","","","","","","","","","","","",""
"1269",1268,"","","","","","","","","","","","",""
"1270",1269,"","","","","","","","","","","","",""
"1271",1270,"","","","","","","","","","","","",""
"1272",1271,"","","","","","","","","","","","",""
"1273",1272,"","","","","","","","","","","","",""
"1274",1273,"","","","","","","","","","e","","",""
"1275",1274,"","","","","","","","","","e","","",""
"1276",1275,"","","","","","","","","","","","",""
"1277",1276,"","","","","","","","","","","","",""
"1278",1277,"","","","","","","","","","","","",""
"1279",1278,"","","","","","","","","","","","",""
"1280",1279,"","e","","","","","","","","","","",""
"1281",1280,"","","","","","","","","","e","","",""
"1282",1281,"","","","","","","","","","e","","",""
"1283",1282,"","","","","","","","","","","","",""
"1284",1283,"","","","","","","","","","","","",""
"1285",1284,"","","","","","","","","","","","",""
"1286",1285,"","","","","","","","","","","","",""
"1287",1286,"","","","","","","","","","","","",""
"1288",1287,"","","","","","","","","","e","","",""
"1289",1288,"","","","","","","","","","e","","",""
"1290",1289,"","","","","","","","","","e,d","","",""
"1291",1290,"","","","","","","","","","e","","",""
"1292",1291,"","","","","","","","","","","","",""
"1293",1292,"","","","","","","","","","","","",""
"1294",1293,"","","","","","","","","","","","",""
"1295",1294,"d,e","","","","","","","","","","","",""
"1296",1295,"e","","","","","","","","","","","",""
"1297",1296,"","","","","","","","","","","","",""
"1298",1297,"","","","","","","","","","","","",""
"1299",1298,"","","","","","","","","","","e","",""
"1300",1299,"e","","","","","","","","","","","",""
"1301",1300,"e","","","","","","","","","","","",""
"1302",1301,"","","","","","","","","","","","",""
"1303",1302,"e","","","","","","","","","","","",""
"1304",1303,"","","","","","","","","","","e","",""
"1305",1304,"","","","","","","","","","","e","",""
"1306",1305,"","","","","","","","","","","d","",""
"1307",1306,"","","","","","","","","","","e","",""
"1308",1307,"","","","","","","","","","","e","",""
"1309",1308,"","","","","","","","","","","","",""
"1310",1309,"","","","","","","","","","","","",""
"1311",1310,"e","","","","","","","","","","","",""
"1312",1311,"e","","","","","","","","","","","",""
"1313",1312,"e","","","","","","","","","","","",""
"1314",1313,"e","","","","","","","","","","","",""
"1315",1314,"e","","","","","","","","","","","",""
"1316",1315,"e","","","","","","","","","","","",""
"1317",1316,"","","","","","","","","","","","",""
"1318",1317,"","","","","","","","","","","","",""
"1319",1318,"","","","","","","","","","","","",""
"1320",1319,"","","","","e","","","","","","","",""
"1321",1320,"","","","","e","","","","","","","",""
"1322",1321,"","","","","d,e","","","","","","","",""
"1323",1322,"","","","","e","","","","","","","",""
"1324",1323,"","","","","e","","","","","","","",""
"1325",1324,"","","","","e,d","","","","e","","","",""
"1326",1325,"","","","","","","","","","","","",""
"1327",1326,"","","","","","","","","","","","",""
"1328",1327,"","","","","","","","","","","e","",""
"1329",1328,"","","","","","","","","","","","",""
"1330",1329,"e","","","","","","","","","","","",""
"1331",1330,"","","","","","","","","","","","",""
"1332",1331,"","","","","","","","","","","","",""
"1333",1332,"","","","","","","","","","","","",""
"1334",1333,"","","","","","","","","","","","",""
"1335",1334,"","","","","","","","","","","","",""
"1336",1335,"","","","","","","","","","","","",""
"1337",1336,"","","","","","","","","","","","",""
"1338",1337,"","","","","","","","","","","","",""
"1339",1338,"","","","","","","","e","","","","",""
"1340",1339,"","","","","","","","e","","","","",""
"1341",1340,"","","","","","","","e","","","","",""
"1342",1341,"","e","","","","","","","","","","",""
"1343",1342,"","e","","","","","","","","","","",""
"1344",1343,"","","","","","","","","","","","",""
"1345",1344,"","","","","","","","","","","","",""
"1346",1345,"","","","","","","","","","","","",""
"1347",1346,"","","","","","","","","","","e","",""
"1348",1347,"","","","","","","","","","","","",""
"1349",1348,"","","","","","","","","","","","",""
"1350",1349,"","","e","","","","","","","","","",""
"1351",1350,"","","","","","","","","","","","",""
"1352",1351,"","","","","","","","","","","","",""
"1353",1352,"","","","","","","","","","","","",""
"1354",1353,"","","","","","","","","","","","",""
"1355",1354,"","","","","","","","","","","","",""
"1356",1355,"","","","","","","","","","","","",""
"1357",1356,"","","","","","","","","","","","",""
"1358",1357,"","","","","","","","","","","","",""
"1359",1358,"","","","","","","","","","","","",""
"1360",1359,"","","","","","","","","","","","",""
"1361",1360,"","","","","","","","","","","","",""
"1362",1361,"","","","","","","","","","","","",""
"1363",1362,"","","","","","","","","","","","",""
"1364",1363,"","e","","","","","","","","","","",""
"1365",1364,"","","","","","","","","","","","",""
"1366",1365,"","","","","","","","","","","","",""
"1367",1366,"","","","","","","","","","","","",""
"1368",1367,"","e","","","","","","","","","","",""
"1369",1368,"","e","","","","","","","","","","",""
"1370",1369,"","","","","","","","","","","","",""
"1371",1370,"","","","","","","","","","","","",""
"1372",1371,"","","","","","","","","","","","",""
"1373",1372,"","","","","","","","","","","","",""
"1374",1373,"","","","","","","","","","","","",""
"1375",1374,"","","","","","","","","","","","",""
"1376",1375,"","","","","","","","","","","","",""
"1377",1376,"","","","","","","","","","","","",""
"1378",1377,"","","","","","","","","","","","",""
"1379",1378,"","","","","","","","","","","","",""
"1380",1379,"","","","","","","","","","","","",""
"1381",1380,"","","","","","","","","","","","",""
"1382",1381,"","","","","","","","","","","","",""
"1383",1382,"","","","","","","","","","","","",""
"1384",1383,"","","","","","","","","","","","",""
"1385",1384,"","","","","","","","","","","","",""
"1386",1385,"","","","","","","","","","","","",""
"1387",1386,"","","","","","","","","","","","",""
"1388",1387,"","","","","","","","","","","","",""
"1389",1388,"","","","","","","","","","","","",""
"1390",1389,"","","","","","","","","","","","",""
"1391",1390,"","","","","","","","","","","","",""
"1392",1391,"","","","","","","","","","","","",""
"1393",1392,"","","","","","","","","","","","",""
"1394",1393,"e","","","","","","","","","","","",""
"1395",1394,"e","","","","","","","","","","","",""
"1396",1395,"","","","","","","","","","","","",""
"1397",1396,"","","","","","","","","","","","",""
"1398",1397,"","","","","","","","","","","","",""
"1399",1398,"","","","","","","","","","","","",""
"1400",1399,"","","","","","","","","","","","",""
"1401",1400,"","","","","","","","","","","","",""
"1402",1401,"","e","","","","","","","","","","",""
"1403",1402,"","e","","","","","","","","","","",""
"1404",1403,"","","","","","","","","","","","",""
"1405",1404,"","","","","","","","","","","","",""
"1406",1405,"","","","","","","","","","","","",""
"1407",1406,"","","","","","","","","","","","",""
"1408",1407,"","","","","","","","","","","","",""
"1409",1408,"","","","","e","","","","","","","",""
"1410",1409,"","","","","e","","","","","","","",""
"1411",1410,"","","","","","","","","","","","",""
"1412",1411,"e","","","","","","","","","","","",""
"1413",1412,"e","","","","","","","","","","","",""
"1414",1413,"e","","","","","","","","","","","",""
"1415",1414,"","","","","","","","","","","","",""
"1416",1415,"","","","","","","","","","","","",""
"1417",1416,"","","","","","","","e","","","","",""
"1418",1417,"","","","","","e","","e","","","","",""
"1419",1418,"","","","","","e","","e","e","","","",""
"1420",1419,"","","","","","e","","d","e","","","",""
"1421",1420,"","","","","","e","","e","","","","",""
"1422",1421,"","","","","","d","","","e","","","",""
"1423",1422,"","","","","","","","","","","","",""
"1424",1423,"","","","","","","","","","","","",""
"1425",1424,"","","","","","","d","e","","","","",""
"1426",1425,"","","","","","","","","","","","",""
"1427",1426,"","","","e","","e","","","","","","",""
"1428",1427,"","","","e","","e","","","","","","",""
"1429",1428,"","","","","","","","","","","","",""
"1430",1429,"","","","","","","","e","","","","",""
"1431",1430,"","","","","","","","d,e","","","","",""
"1432",1431,"","","","","","","","","","","","",""
"1433",1432,"","","","","","e","","","","","","",""
"1434",1433,"","","","","e","","","","","","","",""
"1435",1434,"","","","","e","","","","","","","",""
"1436",1435,"","","","e","e","","","","","","","",""
"1437",1436,"","","","","","","","","","","","",""
"1438",1437,"","","","","","","","","","","","",""
"1439",1438,"","","","","","","","","","","","",""
"1440",1439,"","","","","","","","","","","","",""
"1441",1440,"","","","","","","","","","","","","off"
